rotor_force_constant: 8.54858e-6
rotor_moment_constant: 0.016000
arm_length: 0.2156
sampling_time: 0.01

inertia : [ 0.034756 ,0.045893, 0.097700]
allocation_matrix: [ 0.500000 , -0.866025 , -1.000000 , 1.000000 , 1.000000 , 0.000000 , 1.000000 , 1.000000 , 0.500000 , 0.866025 , -1.000000 , 1.000000 , -0.500000 , 0.866025 , 1.000000 , 1.000000 , -1.000000 , 0.000000 , -1.000000 , 1.000000 , -0.500000 , -0.866025 , 1.000000 , 1.000000]
n_rotors: 6

rotaional_drag_coefficients: [0.00, 0.00, 0.00]
omega1_gain: 0.3825
omega2_gain: 0.25
omega3_gain: 1.0

process_noise: [0.015, 0.013, 0.01, 0.025, 0.025, 0.03]
system_noise: [0.01, 0.01, 0.01,0.01, 0.01, 0.01]
