rotor_force_constant: 1.269e-05
rotor_moment_constant: 0.016754
arm_length: 0.2895
sampling_time: 0.01

inertia :  [ 0.0608, 0.0688 , 0.1489]
allocation_matrix: [ 0.500000 , -0.866025 , -1.000000 , 1.000000 , 1.000000 , 0.000000 , 1.000000 , 1.000000 , 0.500000 , 0.866025 , -1.000000 , 1.000000 , -0.500000 , 0.866025 , 1.000000 , 1.000000 , -1.000000 , 0.000000 , -1.000000 , 1.000000 , -0.500000 , -0.866025 , 1.000000 , 1.000000]
n_rotors: 6

rotaional_drag_coefficients: [0.0, 0.0, 0.0]

omega1_gain: 0.0
omega2_gain: 0.0
omega3_gain: 0.0

process_noise: [0.015, 0.013, 0.01, 0.025, 0.025, 0.03]
system_noise: [0.01, 0.01, 0.01,0.01, 0.01, 0.01]
